0, start, -0.016025191, -0.012375788, 0.05943055
1, 1, 0.04025687, 0.041419324, -0.025016693
2, 2, 0.032073095, 0.04392037, 0.012560429
3, 3, 0.035866346, 0.044292167, 0.02065191
4, 4, 0.033335425, 0.040354554, -0.010094594
5, 5, 0.03328299, 0.04066703, 0.011627332
6, 6, 0.030838955, -0.00091379485, 0.06046411
7, 7, 0.023602026, 0.03426768, 0.052965134
8, 8, 0.030114194, 0.04859957, 0.008593911
9, 9, 0.021309251, 0.034446448, 0.031547848
10, 10, 0.025463978, 0.055041138, 0.040427167
11, 11, 0.030223731, 0.034900747, -0.014315579
12, 12, 0.04196892, 0.04754113, -0.013250617
13, 13, 0.05289763, 0.06306189, -0.006038225
14, 14, 0.030725, 0.03476773, -0.026715519
15, 15, 0.023141569, 0.033608872, 0.07367656
16, 16, 0.03321283, 0.028258285, 0.0758642
17, 17, 0.039762508, 0.050175343, 0.015151295
18, 18, 0.020729205, 0.025726885, 0.009826689
19, 19, 0.03250839, 0.035711158, -0.037515014
20, 20, 0.0319474, 0.04179572, 0.0011348844
21, 21, 0.041011784, 0.035807475, -0.0054833936
22, 22, 0.016725492, 0.02080898, 0.004730924
23, 23, 0.02340102, 0.029051652, 0.0024337722
24, 24, 0.031192143, 0.03845018, 0.013595229
25, 25, 0.044843525, 0.034305073, -0.019420356
26, end, 0.0301456, 0.058631096, -0.021261144
