0, start, 0.03268381, 0.062932685, -0.024614753, -0.0114669595, 0.015636645, -0.047490194, 0.025342045
1, 1, -0.037690353, 0.0055756657, -0.018511899, 0.011889037, -0.012646052, -0.016172947, -0.0087280255
2, 2, 0.0058914716, 0.020874752, -0.010474783, 0.048820972, 0.01283958, 0.018001081, -0.07032787
3, 3, -0.004401448, 0.005489071, -0.0032390892, 0.04513484, 0.006016085, 0.033342414, -0.07255379
4, 4, -0.007626552, 0.056801695, -0.024007333, -0.008762404, -0.046814367, 0.002815728, 0.018732743
5, 5, -0.032411035, 0.015192289, -0.014819374, 0.058224954, 0.0029376948, -0.00974167, -0.053212233
6, 6, -0.06464649, 0.0003727197, -0.025700249, 0.017019609, -0.021080177, -0.023418713, -0.017358255
7, 7, 0.008677396, 0.03549783, -0.002977494, -0.049323257, -0.07124058, 0.061840314, 0.007136559
8, 8, -0.048702516, -0.008519261, 0.0011718661, -0.04837208, -0.06286771, 0.06300976, -0.005062866
9, 9, -0.0049257833, -0.003064228, 6.947217e-05, 0.030686855, 0.0028369788, 0.026815917, -0.052483674
10, 10, -0.019804299, 0.006312867, 0.010235198, -0.0077782813, -0.062096808, 0.053040028, -0.0072830413
11, 11, 0.011650883, 0.03835365, -0.015320183, 0.038080286, 0.01314124, 0.004201323, -0.05452279
12, 12, -0.03938667, 0.034286328, -0.025518982, 0.033360507, -0.03897823, -0.019667553, 0.008371499
13, 13, -0.06938757, 0.0076737003, -0.033717334, 0.019017307, -0.015800877, -0.026143545, -0.017925438
14, 14, -0.03232241, -0.039782584, 0.015261576, 0.03315219, 0.0015258346, 0.04740709, -0.051208545
15, 15, -0.04254167, 0.005743679, -0.024575587, 0.010712499, -0.008776732, -0.022021947, -0.009376881
16, 16, -0.045861155, 0.0057023545, -0.029619724, 0.0069459584, -0.008669774, -0.019908147, -0.010161808
17, 17, 0.024237417, -0.0021622293, -0.025262902, -0.06649047, 0.052649792, 0.030622613, -0.041925464
18, 18, -0.042663027, -0.02915234, 0.010284503, -0.021220714, -0.034126826, 0.048713747, -0.011085222
19, 19, -0.021184515, -0.03154042, 0.0040765083, 0.04653819, 0.0070121544, -0.005970073, -0.028982015
20, 20, -0.02767981, 0.014429793, -0.048539087, -0.025839005, -0.025887908, 0.0065422608, 0.0026353658
21, 21, -0.026328813, 0.015463755, -0.06519489, 0.0046655433, 0.045725606, 0.016683845, -0.03562835
22, 22, -0.05219261, 0.012859495, -0.08311426, -0.0051662372, -0.0056202393, -0.014979078, -0.02126023
23, 23, 0.004765067, 0.018941196, -0.008799809, 0.023458315, 0.010985437, 0.028771847, -0.058216255
24, 24, -6.614256e-05, -0.06839339, 0.005372719, 0.008517206, -0.010023723, 0.021243908, -0.03796638
25, 25, 0.051153958, 0.058142684, -0.014139827, -0.027806906, -0.011227022, 0.07091996, -0.04839582
26, end, -0.04135252, -0.06783369, 0.024622165, 0.027180078, -0.010071701, 0.034952037, -0.030676967
