0, start, -0.04046864, 0.021830272, 0.005586018, 0.004895755, 0.058300894, 0.044336416, 0.035537623
1, 1, -0.008993642, 0.031280156, -0.0063090203, 0.030645497, 0.027287517, 0.029988596, -0.044077918
2, 2, 0.037695386, -0.04110345, -0.051249642, 0.05153684, -0.024438903, 0.008712848, 0.021741576
3, 3, -0.02752499, 0.015855024, -4.0028644e-05, 0.011324843, 0.039170407, 0.034143105, 0.02868138
4, 4, 0.003760118, 0.0386171, -0.010631728, 0.05509029, 0.026646908, 0.050461087, -0.048150714
5, 5, -0.00197003, 0.025391117, -0.025386274, 0.043263897, 0.048205286, 0.04547638, -0.037822247
6, 6, 0.044598013, -0.034348942, -0.04980843, 0.011085709, -0.038705498, -0.012125821, -0.0066173603
7, 7, 0.0075886245, -0.02099139, -0.08284017, -0.035268746, 0.04408021, 0.032393586, -0.0057938066
8, 8, -0.016695827, 0.018633923, -0.0523976, 0.02019337, 0.008626992, 0.014004544, -0.052934784
9, 9, -0.05159893, 0.03068079, -0.0516709, 0.054855075, 0.021181673, 0.040232647, 0.04160901
10, 10, -0.02306796, -0.005777217, -0.025355974, -0.008867765, -0.016245686, -0.03320082, -0.01993942
11, 11, 0.010063906, -0.018246459, -0.055253007, 0.018923767, 0.0088130385, 0.022025865, 0.02146681
12, 12, -0.0016586859, -0.02983129, -0.06389231, 0.000597682, -0.018114472, -0.016414588, -0.0033153289
13, 13, 0.032896537, -0.026143074, -0.086893685, 0.0048277816, -0.027770063, 0.006309485, 0.00532476
14, 14, -0.09750351, 0.003123587, -0.031431686, -0.05825982, -0.012975306, 0.010158058, -0.032523233
15, 15, -0.03061613, 0.016625615, -0.01812867, -0.07505907, 0.042429026, -0.008282589, -0.056863204
16, 16, -0.06577311, 0.01739936, -0.019678904, -0.044840224, -0.008182682, -0.031818513, -0.035398398
17, 17, -0.035335094, 0.04072106, 0.018613461, 0.036722425, 0.044489, 0.052137267, 0.048543416
18, 18, -0.058024004, 0.008769328, -0.052710995, -0.02072745, -0.008276498, 0.01845274, -0.0049698423
19, 19, -0.041295525, 0.0009931697, -0.06969708, 0.0022118145, 0.004425098, -0.0037018629, -0.003471064
20, 20, -0.020322176, -0.004999849, -0.04697375, 0.0077355076, 0.06169173, 0.049066406, 0.036418002
21, 21, -0.003778637, 0.003923382, 0.025386855, -0.04545956, -0.006450836, -0.04324206, -0.052149914
22, 22, -0.04909555, -0.011735648, -0.05278401, -0.03726039, -0.018851269, 0.008375406, -0.015855823
23, 23, -0.051000938, -0.0010437939, -0.030739436, -0.032886088, -0.018588226, -0.013582854, -0.02278175
24, 24, 0.012073703, 0.033607848, -0.010118731, 0.012351721, 0.009973898, 0.015385729, -0.06549896
25, 25, -0.053834055, 0.0032868201, -0.069416374, -0.028353048, 0.000906284, -0.016584802, -0.022486774
26, 26, -0.036438245, 0.0073771165, -0.062350307, 0.005347222, 0.003537684, 0.00985978, 0.011665973
27, 27, -0.08891663, -0.0062047304, -0.039828327, -0.054524638, -0.02002661, 0.011265235, -0.029546108
28, 28, 0.021674678, -0.026305692, -0.07277736, -0.003761378, -0.0018152961, 0.002789226, -0.0047899275
29, 29, -0.077657305, 0.035782482, 0.0021154964, -0.0004536047, 0.06536778, 0.030114142, 0.014664074
30, 30, -0.04545717, 0.008298722, -0.02624186, -0.04515087, -0.0024528448, -0.035168204, -0.040803898
31, 31, 0.00073573284, -0.008381606, -0.0053854454, -0.05097203, 0.01766884, -0.010982736, -0.035106104
32, 32, -0.0118580535, -0.0059797964, -0.062044993, -0.03465295, 0.046071853, 0.019675767, -0.018792022
33, 33, -0.05903931, 0.020357223, 0.026803525, -0.030555436, 0.0012268254, -0.048594322, -0.04197707
34, 34, -0.06552558, 0.0151779745, -0.07905901, -0.008666799, -0.007418242, -0.0053603514, 0.0037510986
35, 35, -0.04669837, 0.006025376, -0.05386767, 0.012817413, -0.033486377, -0.034580924, -0.013409903
36, 36, -0.007863548, -0.021046473, -0.048720147, -0.036788322, -0.009849612, -0.04405336, -0.04398145
37, 37, -0.03246431, -0.008089309, -0.06915793, -0.0063951197, 0.01513614, 0.007763662, 0.0053055827
38, 38, -0.05649565, 0.0104353465, -0.07763631, 0.010142883, 0.0287443, 0.012375456, 0.009501151
39, 39, 0.015323894, -0.018834116, -0.05402353, 0.015844809, -0.0063919122, 0.024962792, 0.02677554
40, 40, -0.04048846, 0.012037528, -0.05134195, -0.004174199, -0.017071756, -0.010754707, -0.005348937
41, 41, 0.0021164892, -0.0069154887, -0.09995677, 0.007839569, -0.028380603, 0.02512955, 0.027353186
42, 42, -0.019370116, -0.0080174245, -0.05161588, -0.011164052, 0.008123263, 0.00013659449, -0.0022632773
43, 43, -0.01903965, 0.014525705, -0.012080257, -0.021706387, -0.046600986, 0.031715855, 1.7930197e-05
44, 44, -0.052131075, 0.0155622205, 0.02260619, -0.029649302, 0.0043759854, -0.033972543, -0.030059444
45, 45, -0.046773847, 0.015052705, -0.056044437, -0.0014050642, -0.025454372, -0.017026411, -0.008443042
46, 46, -0.033450026, -0.007536481, -0.057465542, 0.012367209, -0.032353703, -0.054854076, -0.024949634
47, 47, -0.027967237, -0.013149145, -0.06927782, -0.0014940457, -0.0054814676, -0.00257702, 0.005371222
48, 48, -0.029385671, 0.02941256, 0.053314812, -0.050699417, 0.0110651525, -0.036083274, -0.05069332
49, 49, 0.021821301, -0.046090785, -0.015719682, -0.0006847478, -0.020694342, -0.0053252834, -0.024883749
50, 50, 0.039046098, 0.07159657, -0.0026662664, 0.0122939, -0.013859085, 0.06217415, -0.0300439
51, end, 0.007910856, -0.0076613263, -0.029736407, 0.031839255, 0.0060924385, 0.0308543, 0.034680348
